Chara_Version=0.6.0.6
Chara_Resolution=1920,1080

;キャラのX座標。(1P,2P)
Game_Chara_X=-45,-45

;キャラのY座標。(1P,2P)
Game_Chara_Y=-197,609

Game_Chara_4P=-50,-40


Game_Chara_5P=-50,-60
                
;キャラのX座標。(1P,2P)
Game_Chara_X_AI=680,930

;キャラのY座標。(1P,2P)
Game_Chara_Y_AI=270,270

;キャラの通常時モーション指定。(カンマ区切り)
Game_Chara_Motion_Normal=0,1,2,3,4,5,6,7,8,9,10,11,12,13,14,15,16,17,18,19,20,21,22,23,24,25,26,27,28,29,30,31,32,33,34,35,36,37,38,39,40,41,42,43,44,45,46,47,48,49,50,51,52,53,54,55,56,57,58,59,60,61,62,63,64,65,66,67,68,69,70,71,72,73,74,75,76,77,78,79,80,81,82,83,84,85,86,87,88,89,90,91,92,93,94,95,96,97,98,99,100,101,102,103,104,105,106,107,108,109,110,111,112,113,114,115,116,117,118,119

;キャラのクリア時モーション指定。(カンマ区切り)
Game_Chara_Motion_Clear=0,1,2,3,4,5,6,7,8,9,10,11,12,13,14,15,16,17,18,19,20,21,22,23,24,25,26,27,28,29,30,31,32,33,34,35,36,37,38,39,40,41,42,43,44,45,46,47,48,49,50,51,52,53,54,55,56,57,58,59

;キャラのゴーゴータイム時モーション指定。(４分の4拍子換算)
Game_Chara_Motion_GoGo=0,1,2,3,4,5,6,7,8,9,10,11,12,13,14,15,16,17,18,19,20,21,22,23,24,25,26,27,28,29,30,31,32,33,34,35,36,37,38,39,40,41,42,43,44,45,46,47,48,49,50,51,52,53,54,55,56,57,58,59,60,61,62,63,64,65,66,67,68,69,70,71,72,73,74,75,76,77,78,79,80,81,82,83,84,85,86,87,88,89,90,91,92,93,94,95,96,97,98,99,100,101,102,103,104,105,106,107,108,109,110,111,112,113,114,115,116,117,118,119,120,121,122,123,124,125,126,127,128,129,130,131,132,133,134,135,136,137,138,139,140,141,142,143,144,145,146,147,148,149,150,151,152,153,154,155,156,157,158,159,160,161,162,163,164,165,166,167,168,169,170,171,172,173,174,175,176,177,178,179,180,181,182,183,184,185,186,187,188,189,190,191,192,193,194,195,196,197,198,199,200,201,202,203,204,205,206,207,208,209,210,211,212,213,214,215,216,217,218,219,220,221,222,223,224,225,226,227,228,229,230,231,232,233,234,235,236,237,238,239

;キャラの通常時モーションが何拍子でループするか。(カンマ区切り)
Game_Chara_Beat_Normal=4

;キャラのクリア時モーションが何拍子でループするか。(カンマ区切り)
Game_Chara_Beat_Clear=2
Game_Chara_Beat_10Combo=2
Game_Chara_Beat_10ComboMax=2
Game_Chara_Beat_ClearIn=2
Game_Chara_Beat_SoulIn=2
Game_Chara_Beat_GoGoStart=2
Game_Chara_Beat_GoGoStartMax=2

;キャラのゴーゴータイム時モーションが何拍子でループするか。(カンマ区切り)
Game_Chara_Beat_GoGo=8

;ふうせん連打時のキャラ画像X座標。(1P,2P)
Game_Chara_Balloon_X=215,215

;ふうせん連打時のキャラ画像X座標。(1P,2P)
Game_Chara_Balloon_Y=-227,240

Game_Chara_Balloon_4P=0,-176

Game_Chara_Balloon_5P=0,-168

;ふうせん連打アクション時に使用するタイマーの更新間隔。(ms)
Game_Chara_Balloon_Timer=16

;ふうせん連打成功 / 失敗 のフェードアウトにかける時間 (ms)
Game_Chara_Balloon_FadeOut=500

Menu_Offset=-96,91
Result_Offset=-44,53

;ふうせん連打時のキャラ画像X座標。(X,Y)
Game_Chara_Kusudama_X=435,1035,135,1335,735

;ふうせん連打時のキャラ画像Y座標。(X,Y)
Game_Chara_Kusudama_Y=630,630,630,630,630

Chara_Entry_AnimationDuration=730
Chara_Normal_AnimationDuration=500
Chara_Menu_Loop_AnimationDuration=1200
Chara_Menu_Select_AnimationDuration=1000
Chara_Menu_Start_AnimationDuration=360
Chara_Result_Normal_AnimationDuration=500
